0 0.43149038461538464 0.16105769230769232 0.3485576923076923 0.32211538461538464
0 0.9411057692307693 0.3870192307692308 0.11778846153846154 0.2644230769230769
0 0.8818167095835143 0.48302040486465525 0.2112435300764409 0.17996034398635422
0 0.7872330541019513 0.38748470222451803 0.14398499301241863 0.14884769788953386
0 0.27403846153846156 0.9098557692307693 0.2403846153846154 0.18028846153846154
0 0.9110576923076923 0.9122596153846154 0.1778846153846154 0.17548076923076922
1 0.7283653846153846 0.8605769230769231 0.1778846153846154 0.27884615384615385
1 0.7421488482725013 0.9447229251791704 0.18391841165890005 0.10949330810792682
1 0.8588828524650501 0.8538613395329565 0.11847504802118003 0.07125306770700025
1 0.8226780911585133 0.8237865577370057 0.0874212722636947 0.07256563981422942
1 0.7873073820657053 0.7743970625528536 0.08859861771878276 0.08698871673730633
1 0.6550480769230769 0.6971153846153846 0.03125 0.04807692307692308