1 0.1781444481100044 0.2915647082518053 0.19700518361650218 0.2118697427433922
1 0.13341346153846154 0.054086538461538464 0.1466346153846154 0.10817307692307693
0 0.6177884615384616 0.4423076923076923 0.12980769230769232 0.09134615384615384
0 0.6828427814841285 0.3630095349399719 0.11915905437496423 0.12671393744305867
0 0.7704326923076923 0.47716346153846156 0.12740384615384615 0.021634615384615384
0 0.7216810901924505 0.4309174790819874 0.061242976423635846 0.10311150654473167
1 0.6947115384615384 0.4735576923076923 0.04807692307692308 0.028846153846153848
0 0.8592457609680445 0.37365978262153765 0.16231640001468464 0.12037729907834246
0 0.8665865384615384 0.4675480769230769 0.055288461538461536 0.040865384615384616
0 0.9688157178793738 0.45181922596384677 0.058251733339859814 0.05244858474448085
0 0.9549660522450378 0.40363329522688995 0.046232502570629046 0.05153782189707293
0 0.5887850973779747 0.396555792842061 0.07779018667678272 0.08034811299264123
0 0.2568585291705622 0.8214514027972466 0.27722718772950883 0.2948038544593612
0 0.9086538461538461 0.8737980769230769 0.18269230769230768 0.25240384615384615