0 0.36778846153846156 0.140625 0.3605769230769231 0.28125
1 0.7223557692307693 0.17427884615384615 0.18028846153846154 0.3293269230769231
0 0.8942307692307693 0.21875 0.21153846153846154 0.23076923076923078
1 0.14423076923076922 0.6790978097524634 0.15865384615384615 0.23057789390322617
1 0.18509615384615385 0.7872580248487488 0.0985576923076923 0.17594465903312304
1 0.22235576923076922 0.831611399698982 0.09375 0.16378553870505314
1 0.25841346153846156 0.8831413406210439 0.09375 0.1445547694742839
1 0.30649038461538464 0.9362980769230769 0.10336538461538461 0.12740384615384615
1 0.9002403846153846 0.6057692307692307 0.19951923076923078 0.2932692307692308
1 0.7764423076923077 0.8557692307692307 0.44711538461538464 0.28846153846153844
1 0.9711538461538461 0.7596153846153846 0.057692307692307696 0.10096153846153846
1 0.9915865384615384 0.8004807692307693 0.016826923076923076 0.09134615384615384