0 0.09975961538461539 0.13341346153846154 0.19951923076923078 0.2668269230769231
1 0.25651505364167104 0.3935673083449342 0.15086282604983042 0.19307500415275752
0 0.20005485414376564 0.04273270891872221 0.08293411171596897 0.08515580530033354
1 0.1281452311062619 0.33962422088573846 0.07237210150259074 0.10347581168369484
1 0.042067307692307696 0.2704326923076923 0.08413461538461539 0.10336538461538461
0 0.7367788461538461 0.4891826923076923 0.15625 0.13701923076923078
0 0.8641826923076923 0.5084134615384616 0.15625 0.0985576923076923
0 0.7513208665948929 0.3670820408606578 0.14463377593687127 0.14241208235250669
0 0.8499337724367403 0.40682006671684395 0.1052256118773392 0.15854625790208912
0 0.19635942803653228 0.8033650252249951 0.06446781551371163 0.06224612192934705
0 0.1833218461681366 0.8836385738999118 0.12252442834498248 0.07142547590459714
0 0.26212166232018436 0.9457756881692252 0.10362210150259074 0.10584379508695517
0 0.2960458985116997 0.7941885100662982 0.11811690392683903 0.044801015642807855
0 0.2745948551048425 0.8738245247480294 0.06982196552984868 0.06982196552984868
1 0.23766226270032795 0.8280051580060566 0.03915428598887898 0.043597673157608256
0 0.4088280032059712 0.8947513000465646 0.14211950271471488 0.07769038876814213
0 0.3860079767114489 0.7986153852680111 0.04396197829657143 0.04396197829657143
0 0.4805955946494089 0.8010027194548411 0.05044490648018369 0.03489305138963157
0 0.4804507242387895 0.8464025675236957 0.03878998084991609 0.03878998084991595
0 0.17290612577365436 0.9354302738676377 0.06428566294423003 0.0598422757755009
0 0.04497233387837969 0.8241591838550975 0.07226167443428053 0.038936270668811855
0 0.578125 0.7704326923076923 0.11778846153846154 0.23317307692307693
0 0.6141826923076923 0.9206730769230769 0.18990384615384615 0.11538461538461539
0 0.6819155809216093 0.8601314775111553 0.06723596680652094 0.06723596680652094
0 0.7606422521642091 0.9055327449882865 0.10937641940827666 0.08715948356463084
0 0.7159323128061419 0.7886177641383706 0.14241208235250669 0.14463377593687127
0 0.8143437152949383 0.7626143259027506 0.15126299393937942 0.1668148490299314