0 0.0733173076923077 0.21033653846153846 0.1466346153846154 0.4206730769230769
0 0.9411057692307693 0.4074519230769231 0.04567307692307692 0.08413461538461539
0 0.9368632708038954 0.13925989962078533 0.10403910875599684 0.10988309821563756
0 0.9855769230769231 0.2980769230769231 0.028846153846153848 0.14903846153846154
0 0.9220961056291834 0.33480400649409664 0.04693208295262799 0.04513026604260531
0 0.8952598529139415 0.23962965258939498 0.03512268652165591 0.05185205837957149
0 0.9443988095089486 0.23281400117095646 0.041984501086096825 0.040126675285084075
0 0.2127403846153846 0.890625 0.3485576923076923 0.21875
1 0.21995192307692307 0.9375 0.14182692307692307 0.125
0 0.5240384615384616 0.7379807692307693 0.12980769230769232 0.2692307692307692
0 0.6466772459745855 0.8358365634991405 0.11442388594499611 0.1367172028076031
1 0.7625514748151374 0.8479619237801701 0.12222070629547342 0.07460899970726095
0 0.6542421214238859 0.7236169458331793 0.1442749903566059 0.08991361965456786
0 0.6003690303912705 0.6090873410948443 0.09902158211004611 0.10247566130427024