0 0.37740384615384615 0.2548076923076923 0.125 0.11538461538461539
0 0.41225961538461536 0.17427884615384615 0.055288461538461536 0.1658653846153846
0 0.5841346153846154 0.3605769230769231 0.28846153846153844 0.23557692307692307
0 0.34375 0.6382211538461539 0.19230769230769232 0.31971153846153844
0 0.6899038461538461 0.5204326923076923 0.1971153846153846 0.08413461538461539
0 0.6009615384615384 0.75 0.32211538461538464 0.2980769230769231
0 0.5276442307692307 0.9459134615384616 0.17548076923076922 0.10817307692307693
0 0.6514423076923077 0.9086538461538461 0.19230769230769232 0.18269230769230768
0 0.8100962315055822 0.7591887689008833 0.1321178968141004 0.131521629750751
1 0.9024725987924105 0.6988358981675233 0.16377374385155596 0.15774592212299154
1 0.9242788461538461 0.5300480769230769 0.15144230769230768 0.10336538461538461