0 0.3482750485278367 0.19240739135761287 0.12671393744305867 0.12740344942168028
0 0.24288663486458534 0.11030835453148355 0.19154605809573347 0.19480905548454702
0 0.1671669004267081 0.19630690185390534 0.13188593488971415 0.13260359021440193
0 0.11778846153846154 0.06850961538461539 0.13942307692307693 0.13701923076923078
0 0.38186142740534135 0.49200515149706614 0.26890800447549823 0.30146109697901097
1 0.3702975780598145 0.49899588809425477 0.12431009128921253 0.12720722517916572
0 0.90625 0.3269230769230769 0.1875 0.625
1 0.77766783977763 0.18492530068980584 0.18877790680292422 0.1898051389343402
1 0.9230769230769231 0.5793269230769231 0.15384615384615385 0.22115384615384615
1 0.3525900772529628 0.8805699953167448 0.22498188892951249 0.22620612448339167
1 0.24798690681006946 0.9205519741086476 0.15017007852248992 0.1532079291427739
1 0.20192307692307693 0.9411057692307693 0.14903846153846154 0.11778846153846154
1 0.15264423076923078 0.9651442307692307 0.13221153846153846 0.06971153846153846