1 0.31971153846153844 0.20673076923076922 0.25961538461538464 0.41346153846153844
1 0.10096153846153846 0.37259615384615385 0.20192307692307693 0.3317307692307692
0 0.7680288461538461 0.036057692307692304 0.2283653846153846 0.07211538461538461
0 0.5180288461538461 0.21514423076923078 0.0985576923076923 0.2091346153846154
0 0.6634615384615384 0.042067307692307696 0.16826923076923078 0.08413461538461539
0 0.31922480481280213 0.7842405352205611 0.2312864251885604 0.2288061948797525
0 0.4338942307692308 0.9471153846153846 0.06971153846153846 0.10576923076923077
0 0.2692307692307692 0.9483173076923077 0.22115384615384615 0.10336538461538461
0 0.2022028155002617 0.9091182422096347 0.16740578458968544 0.10670080000596809
0 0.6159515480614437 0.8330044415123685 0.11804705874812636 0.11459932168239079
0 0.665922578395342 0.6869093436116269 0.16240787213597394 0.20648499301241863
0 0.5445131172408145 0.6382441445393258 0.12089972225765667 0.11960323823259791
0 0.6634615384615384 0.5661057692307693 0.14903846153846154 0.055288461538461536