0 0.07091346153846154 0.22716346153846154 0.14182692307692307 0.3389423076923077
0 0.24519230769230768 0.3858173076923077 0.25961538461538464 0.18509615384615385
1 0.9074519230769231 0.2920673076923077 0.18509615384615385 0.37259615384615385
0 0.6478365384615384 0.38822115384615385 0.47836538461538464 0.18028846153846154
0 0.16866582472139152 0.7436633358820358 0.07589479177521924 0.07253493964982848
0 0.13094483526289377 0.8263512877529691 0.11637201405533631 0.11122024079640379
0 0.1989300864542962 0.9084526639308304 0.1469921128620305 0.09938281720876538
0 0.28468034129931274 0.7563538547063768 0.1308053125976973 0.06564506004803036
0 0.2347511507135924 0.8353661115074669 0.07006903593895358 0.09893529183869194
1 0.2077521535665937 0.7787358752139343 0.05325233448131469 0.05317830390872617
0 0.34975961538461536 0.8858173076923077 0.11778846153846154 0.11298076923076923
0 0.38100961538461536 0.7776442307692307 0.055288461538461536 0.055288461538461536
0 0.10120148731718558 0.8778451802951616 0.08335829071408003 0.07738458746096527
0 0.016826923076923076 0.7319711538461539 0.03365384615384615 0.055288461538461536
0 0.5997596153846154 0.9194711538461539 0.3389423076923077 0.16105769230769232