0 0.046875 0.19831730769230768 0.09375 0.19951923076923078
0 0.05666598295726937 0.7451299925108175 0.07206197486963689 0.06852451173778434
0 0.1467682416477841 0.7423545960329132 0.07399269049057476 0.12381297327624588
0 0.18208187420561936 0.6515390166125972 0.08394385173568772 0.1335961950544018
0 0.019230769230769232 0.6430288461538461 0.038461538461538464 0.12259615384615384
0 0.10391490212690332 0.6517007704831911 0.09302503699479558 0.04967137612325072
1 0.06829219781221364 0.69922613948893 0.04478022560300833 0.0440244980017017
0 0.021634615384615384 0.35216346153846156 0.04326923076923077 0.10817307692307693
0 0.07857147660943394 0.5114324244540801 0.09431473376796126 0.1553986476017886
0 0.01201923076923077 0.44350961538461536 0.02403846153846154 0.040865384615384616
0 0.20338454249931692 0.7449743219324009 0.06982601703065491 0.0732902447547839
0 0.13286792641395231 0.8953345011276865 0.04595544380705755 0.07767834415554785
1 0.3971268936115759 0.6273232810958237 0.216605645396071 0.2175927659825841
1 0.6523237722947444 0.5651413292993831 0.16841424375003144 0.1446801548440355
1 0.8313416338046928 0.5944882648650367 0.14829062319919364 0.18757175199703083