0 0.030048076923076924 0.0889423076923077 0.06009615384615385 0.1346153846153846
0 0.0499644966398038 0.04239478479143747 0.07240796425317643 0.07162096521566305
0 0.11197183305723749 0.10071757343044724 0.12802486818001532 0.11106765766533236
0 0.1045673076923077 0.026442307692307692 0.15144230769230768 0.052884615384615384
0 0.2127403846153846 0.03365384615384615 0.19951923076923078 0.0673076923076923
0 0.5036057692307693 0.30408653846153844 0.03125 0.12259615384615384
0 0.3485576923076923 0.5192307692307693 0.27884615384615385 0.24519230769230768
0 0.19692471559624342 0.621539064201949 0.15129885668996496 0.13408868219893838
1 0.13638969229340187 0.7191116025215105 0.10879409894924622 0.10983529397734074
0 0.29433427895289116 0.6748839735639053 0.12205253495426227 0.1585283988982597
0 0.41867881358441283 0.6756057763438131 0.11119794510309224 0.10998933943833974
0 0.6979638368872544 0.5745833566601374 0.30926279413302366 0.2614279623193351