0 0.30649038461538464 0.02403846153846154 0.06971153846153846 0.04807692307692308
0 0.2127403846153846 0.040865384615384616 0.07451923076923077 0.08173076923076923
0 0.15989542187011835 0.11193982270970206 0.11781705974387408 0.12071306093606128
0 0.3363166053752437 0.12233745712359681 0.06376096189340402 0.1360776843141845
0 0.24236597779481378 0.11335214239227148 0.08441042328988857 0.08487400190898037
1 0.28615822616917863 0.06482147940419535 0.04604204906721202 0.04629491013217109
0 0.3076923076923077 0.4110576923076923 0.11057692307692307 0.07692307692307693
0 0.24370948963568573 0.2604322610130749 0.1090327836556213 0.1703533636771248
0 0.34795256489763315 0.2208363727736537 0.05371572391174722 0.05401072848753303
0 0.36536707161313964 0.32252082440962704 0.04185053860351546 0.055574108151673476
0 0.31097244222960324 0.3311106159209949 0.048445895221058174 0.04646300343011234
0 0.15384615384615385 0.02403846153846154 0.07211538461538461 0.04807692307692308
1 0.6598557692307693 0.10697115384615384 0.3004807692307692 0.21394230769230768
0 0.09014423076923077 0.8197115384615384 0.18028846153846154 0.3605769230769231
0 0.6274038461538461 0.7163461538461539 0.23557692307692307 0.40865384615384615
1 0.5637019230769231 0.6935096153846154 0.10817307692307693 0.30528846153846156