0 0.019230769230769232 0.4375 0.038461538461538464 0.19230769230769232
0 0.16466346153846154 0.5216346153846154 0.12259615384615384 0.09615384615384616
0 0.24297827832755156 0.2278454013481224 0.3227316038601176 0.3281571980856439
0 0.8509616455703871 0.41042028791121005 0.21466465644883953 0.20675223462119846
0 0.6766746191296568 0.30306242944129114 0.14019849043550822 0.14485968408249775
0 0.8615442520045898 0.2095591259701763 0.19754388569717315 0.1985606394955017
0 0.9342779544908529 0.2784661786737714 0.13019130892046576 0.13468426708759404
0 0.8461538461538461 0.037259615384615384 0.15384615384615385 0.07451923076923077
0 0.3498719336660018 0.793553733259912 0.12425311038281514 0.1655142428029547
0 0.45662474682781923 0.8221091382210916 0.10777309973653469 0.11419342500290693
0 0.38341346153846156 0.9338942307692307 0.13701923076923078 0.13221153846153846
0 0.3425480769230769 0.6165865384615384 0.15625 0.09375
0 0.39663461538461536 0.5817307692307693 0.10576923076923077 0.02403846153846154
0 0.6105769230769231 0.609375 0.125 0.07932692307692307
0 0.7175480769230769 0.6105769230769231 0.10817307692307693 0.08173076923076923
0 0.646830620943293 0.7106447494931097 0.13509695045307252 0.13736812943119966