0 0.38100961538461536 0.12740384615384615 0.13701923076923078 0.15384615384615385
0 0.18990384615384615 0.06009615384615385 0.1875 0.1201923076923077
0 0.04807692307692308 0.06009615384615385 0.09615384615384616 0.1201923076923077
0 0.2800480769230769 0.2824519230769231 0.33413461538461536 0.11298076923076923
0 0.6693283932226624 0.14875754769035154 0.3037292771555941 0.26011491767709427
0 0.32091346153846156 0.6213942307692307 0.25721153846153844 0.24278846153846154
1 0.3745648514243554 0.7687000999460084 0.12247922482872653 0.0639672965490177
1 0.3962709452335936 0.8137956312895853 0.07917101772035331 0.07545580256246745
1 0.4059188319344585 0.8740322697953042 0.079508856265311 0.07785964871631333
0 0.9543269230769231 0.6466346153846154 0.09134615384615384 0.1346153846153846
0 0.8629873743016007 0.6336320363752451 0.23304319939832518 0.22820931520298787
1 0.9747596153846154 0.9615384615384616 0.05048076923076923 0.07692307692307693