0 0.2439903846153846 0.07451923076923077 0.4879807692307692 0.14903846153846154
1 0.34615384615384615 0.021634615384615384 0.22596153846153846 0.04326923076923077
1 0.390625 0.09495192307692307 0.19471153846153846 0.10817307692307693
0 0.7307692307692307 0.12139423076923077 0.375 0.055288461538461536
0 0.6033653846153846 0.06129807692307692 0.22596153846153846 0.12259615384615384
0 0.15384615384615385 0.6959134615384616 0.3076923076923077 0.31009615384615385
0 0.046875 0.7548076923076923 0.09375 0.35096153846153844
0 0.6850212307841512 0.5328812676272058 0.18460499814161851 0.1726590379718871
0 0.5600961538461539 0.5252403846153846 0.14423076923076922 0.13701923076923078
0 0.5914188948812446 0.38839959892035214 0.17940485734889686 0.16779540309943955
0 0.7724910631932673 0.7496181773613321 0.2132057725015875 0.19940902977034833
0 0.697137383478142 0.8876443742961567 0.1378037310071236 0.1288863241198593
0 0.7315273680905425 0.8078419394188143 0.10694617949215293 0.13333038975664271