0 0.037259615384615384 0.25 0.07451923076923077 0.2980769230769231
0 0.1143129080697285 0.1896321037510802 0.15925317262393135 0.15620044802416408
1 0.23941806271338953 0.20103768743876615 0.14741482984131038 0.10272715991200479
0 0.11772198861794764 0.31043766179276694 0.17052161023717935 0.12132010117155982
0 0.06009615384615385 0.37740384615384615 0.1201923076923077 0.04326923076923077
0 0.6442307692307693 0.08533653846153846 0.25961538461538464 0.17067307692307693
0 0.6057692307692307 0.2644230769230769 0.21153846153846154 0.25961538461538464
1 0.11538461538461539 0.5324519230769231 0.23076923076923078 0.25240384615384615
0 0.7965235744947995 0.7343240594615837 0.12632069832535586 0.13441876364070418
0 0.7232198874072637 0.8512542878966473 0.19846550424145257 0.1952015039695764
0 0.8293269230769231 0.9350961538461539 0.12980769230769232 0.12980769230769232
0 0.6947115384615384 0.9615384615384616 0.15865384615384615 0.07692307692307693