0 0.11513834452307595 0.2478739268854525 0.21436074617578307 0.20859604839552554
0 0.2644230769230769 0.5 0.3557692307692308 0.27884615384615385
0 0.43149038461538464 0.578125 0.21394230769230768 0.12259615384615384
0 0.42018489538233494 0.3995702990761688 0.14639270470541277 0.14245583792865146
1 0.4333472066270645 0.2903234529006035 0.18821919176410218 0.18315750590826624
1 0.30408653846153844 0.10336538461538461 0.22355769230769232 0.20673076923076922
0 0.9507211538461539 0.3870192307692308 0.0985576923076923 0.24519230769230768
0 0.06971153846153846 0.8653846153846154 0.13942307692307693 0.2692307692307692
0 0.16195341187606738 0.8788705664243925 0.1876176852028486 0.23095441279542983
0 0.12484526317734965 0.7690873964101983 0.09086451257891727 0.08182336024386877
0 0.19113192039472876 0.720333019824536 0.12893485376652392 0.1342642428029547
0 0.07572115384615384 0.7115384615384616 0.15144230769230768 0.14423076923076922
0 0.09254807692307693 0.6706730769230769 0.18509615384615385 0.0625
0 0.7596153846153846 0.8365384615384616 0.2403846153846154 0.24519230769230768