0 0.07932692307692307 0.21754807692307693 0.15865384615384615 0.18028846153846154
0 0.28479038635583953 0.3712243694432972 0.209132435293447 0.20800563170886585
1 0.9423076923076923 0.4831730769230769 0.11538461538461539 0.3557692307692308
0 0.8112980769230769 0.18269230769230768 0.37740384615384615 0.36538461538461536
0 0.24664758196203665 0.7547843048823547 0.1514107063004271 0.14840023683508158
1 0.24544565888511358 0.7548824170036119 0.0705821969115382 0.0702019007017422
1 0.3277316226348998 0.8099013181662195 0.07791360066709394 0.09944050303292541
1 0.5559297398684464 0.9692181650113636 0.09074464728490028 0.055140995807451146
1 0.06870194388482856 0.8516243407867534 0.12683176089330467 0.11298037249860347
0 0.8209134615384616 0.8846153846153846 0.3581730769230769 0.23076923076923078
1 0.8389423076923077 0.9194711538461539 0.23557692307692307 0.16105769230769232